365
99 56 14 0 11 74 4 85 88 10 12 98 45 30 2 3 100 2 44 82 79 61 78 59 19 11
5999 3749 479 16485 15949 8186 2115 17730 15266 2246 19708 2914 16876 18972 1506 8833 18233 2066 9909 15762 11640 8731 8164 6554 14856 17372
632 16649 2313 189 10928 4711 15493 12364 5475 1775 2498 19252 16271 5374 2468 18262 7048 4726 888 11345 3633 17356 4627 10007 14881 1297
13639 9069 1317 5811 8902 5064 9839 5064 15220 1345 18451 12654 11455 16248 11197 19099 15339 15595 1485 15428 19494 5569 14404 17013 14348 9688
9012 4059 6082 13642 14288 3914 17360 3378 15899 12347 8371 6272 11316 3544 5150 19019 8825 5074 10600 14636 2319 2572 12951 7017 1564 9376
1245 7189 16604 2872 10386 10014 15100 2170 19168 8435 2392 13969 6615 3319 12997 6376 15059 16400 7743 11837 6720 16876 13801 5724 19153 6660
9888 1976 11550 17509 5015 16370 17990 15480 10936 4545 4290 1575 5409 4749 17893 2285 10658 5604 55 1993 2871 4858 7111 1307 14181 12826
10630 6786 12491 9176 17612 9978 13829 10451 18931 4961 17453 3043 8530 9110 13443 13109 18512 9068 17229 3726 12299 8985 7008 9746 19251 13052
1720 11453 14436 7618 16072 5417 12469 10089 80 2402 15735 12943 9778 14054 15715 6081 13123 15661 5150 9216 19382 12108 19676 11353 6752 5537
17002 18613 14988 15546 927 15331 3398 881 12013 15591 2136 4588 19268 10871 11432 9491 9785 19105 10832 18443 9626 18432 6375 16684 9143 2375
17499 19733 6684 11129 16720 10952 10520 15008 8765 2783 17277 19307 19088 17964 3919 8036 8426 12185 4491 929 12928 1224 1444 6838 5072 10256
16896 11646 14239 16884 2260 9999 8566 15911 18999 7195 11394 16527 2715 594 19170 10849 18487 7523 5325 15662 16364 4585 17442 2235 4768 17412
7971 5382 16594 16547 12882 10698 4224 18406 18552 17533 19994 19634 14625 1339 12179 2250 12094 13382 1462 19793 2323 10294 7468 6494 11343 17080
12444 19326 16147 1718 977 14682 2627 9606 13972 11151 4846 15930 7930 976 11685 19380 12170 13598 5703 2446 583 6955 6437 19829 17943 4635
16444 4341 8346 1622 19656 15336 11847 19587 12182 9450 12997 13375 12054 7673 9347 286 10248 19104 8716 3947 17833 19657 1160 7161 17497 18713
19449 12104 17602 6026 10559 9598 11890 8942 5777 14970 5544 105 17811 13389 7832 6282 14540 8958 5709 11595 19213 13415 17371 15930 19620 19241
15764 15735 16853 14590 12223 3361 17336 13157 19007 4162 3476 15379 15994 3170 17902 18275 4320 8385 7830 2322 10987 12851 9620 17111 11631 13286
17958 6171 19841 15496 15259 10470 14469 17198 3535 17667 15178 2813 2492 6470 5760 19913 11006 5657 12378 8896 6540 8669 962 5182 10355 19730
3268 1482 1824 8531 13893 10590 11139 10090 19410 14212 18898 5448 12312 12928 290 9473 19549 19475 9296 10375 19968 8154 5114 6366 19991 14842
19883 14582 13680 16444 11023 17141 8806 14256 12837 8508 18823 16172 10326 8116 9378 5170 5371 13462 5165 1128 7620 18884 17864 11594 17820 6759
14093 14557 793 18018 13250 2267 2067 2320 8008 12488 15907 12442 7782 9919 16815 10724 17018 16986 14809 2105 9920 855 16418 5917 4679 4812
12302 14033 5802 17286 4487 9875 3073 16006 17715 11005 19696 4376 8749 14121 15466 9134 10337 5488 2160 14393 7545 14495 8183 2189 8737 5117
18395 8984 4747 12912 7139 6589 18364 17118 4789 6948 11226 13538 60 16988 11347 6268 7328 18132 543 578 11900 14426 7746 362 13577 13839
16278 13818 10867 19100 16991 8169 19230 18880 18468 15886 10009 15363 19359 559 661 9570 18572 4044 14821 18742 8024 12950 13735 6860 1379 14133
12833 3654 13520 5832 5705 19974 2370 12073 5588 7522 2073 16798 12449 1082 4161 8789 16442 942 11307 16659 1964 9000 16964 579 1480 13486
15768 996 9448 5983 7559 16055 18877 2024 9653 7975 14602 15039 5736 8629 5283 13678 10214 17112 312 9572 10684 19488 6720 6079 1065 10071
19860 16374 591 13919 5322 14245 11110 9398 3081 2620 18906 13729 18672 10990 17284 19712 1245 13379 14490 17181 5986 13298 3494 18201 16959 10853
19255 16978 17566 6229 16964 3284 12989 2941 10418 16805 4109 2374 10824 15791 8587 2501 2088 19749 14767 344 11565 1190 19420 19994 7087 3536
14611 18072 5868 18789 1359 8743 16457 18990 13109 10172 18945 1058 18770 11056 17777 11230 6963 2879 16993 7988 3225 9822 551 2238 2756 914
9751 18270 11319 14128 19978 591 12808 14932 2869 7146 2579 11417 10966 11559 12722 11634 3114 1023 4235 4379 14783 11741 4126 3159 2022 8724
18634 5194 1035 11132 18357 16178 19603 2694 16486 14266 11798 587 13778 10317 6290 17750 5437 18824 7512 13873 5610 14173 16369 4576 12430 16412
15599 18865 12634 10000 18676 9072 8511 4682 11723 4307 8559 10206 8155 9676 5494 5078 19774 19035 14924 1918 8565 13747 12081 1631 11396 287
16609 1227 6464 10044 6209 15594 12708 9248 10362 18385 12597 13620 8939 14601 17006 1841 19782 10961 8420 6389 10332 3106 13204 11963 11947 13994
9714 12740 13388 9234 8419 19908 5554 14886 18623 11762 6583 16660 5998 2038 12355 18611 14884 19197 4345 7767 12306 9976 12190 13469 19959 8325
7318 10699 18194 14483 10281 4058 5432 18354 8221 5776 13251 14730 8532 9067 14767 2978 5376 17130 14932 16064 1567 1900 9862 6943 12418 4346
13474 18981 2332 6204 5003 9488 12218 9551 5920 18985 17649 14278 15388 1714 7920 18867 18963 15645 12811 3145 5207 19909 1773 3764 3193 4802
4248 4065 15439 12136 3451 18426 688 2663 6750 4419 10276 12409 8401 13886 9653 11784 14716 7549 2090 10278 1573 6719 9853 13159 17320 12286
17226 16181 9997 8413 5449 6064 10397 19940 683 1293 11234 16814 10767 11829 14898 4030 14330 2654 9660 13678 17021 3464 10606 4469 12888 8794
15790 1404 12340 219 13319 897 7272 17358 18486 18202 2080 19089 2071 17009 12201 11925 16035 1339 1962 7 633 17579 7213 19312 3944 12611
9105 16590 18198 7602 8358 9769 2069 2479 9539 10908 11203 13898 15570 1227 14952 13657 17710 10671 6938 6818 6548 8929 401 13479 17386 1001
15359 253 8928 14194 486 19177 1776 19545 19772 13344 13832 5498 2894 14650 7709 19057 1271 7425 3122 8599 279 6873 19865 13097 12576 17934
848 6177 4681 3180 11078 3333 17533 2637 3022 3812 14812 1036 6614 13214 13011 6571 10783 19266 11063 1894 2016 13703 17826 13412 14535 7351
14569 18954 14815 16750 11892 16579 18782 10711 18551 9384 15976 3642 16768 8796 16066 11778 15332 10638 3455 4742 6077 3489 8985 13449 9542 14923
16482 18976 19297 8802 8920 2922 18290 18957 18069 1527 15677 10569 14558 17394 3314 17676 1797 8099 1025 6840 2954 3145 13064 13023 12001 10827
3124 8916 6446 19472 17796 4586 11428 11911 9139 16841 15817 1334 17277 15277 1353 13935 891 6423 3645 9766 5889 8640 17036 14060 19597 5230
9537 16143 2298 16496 2523 6413 11215 14948 3149 15112 19310 3709 16012 16311 12816 9218 9536 2402 13747 7349 1128 17021 17157 16746 10091 4978
16300 8472 16325 17393 10638 7933 8121 14620 17340 17709 3370 13077 3869 2731 6650 1994 18964 12693 9962 8039 13027 6042 6219 6380 4422 8088
4034 457 9885 9054 17123 6728 4260 2018 18629 9689 12751 10337 14731 7794 5535 4788 17865 14267 16165 4388 10419 5540 4537 16180 14822 10843
11268 5704 7478 6856 3658 8511 17216 11823 15775 9319 6800 17493 12818 2642 11863 12959 13025 12736 7379 6311 11754 8377 5389 4461 19084 4481
14260 8219 17888 14974 8948 14272 8124 12891 12840 2564 2286 10302 10079 19761 1789 1508 3080 737 2228 15861 8488 7544 8384 6104 3182 2507
3636 11162 19117 1002 12018 9968 4591 15266 14627 18661 3225 13917 14458 3627 15633 5399 14637 16954 4548 11471 17139 18403 749 6762 16405 7742
820 4183 11332 11655 5325 49 7702 1490 4872 7026 2655 10229 11084 12846 11815 2140 8389 8996 11707 12747 4300 2706 1041 8039 8185 17457
1206 19968 4988 3138 14009 15303 17120 11626 18969 10986 18463 13010 19326 1636 14293 9870 10250 19069 5841 2632 18337 11731 19560 14667 3047 9221
17163 13999 14662 19900 17477 8117 3854 17175 7016 12838 14827 19677 8979 8648 3676 9893 13467 12189 3230 8287 14851 12188 9946 3078 14579 3741
9417 19860 11732 16371 5562 6199 19517 18252 1760 12435 11623 11061 1343 11542 19040 9011 15167 7403 14868 657 1094 16356 3395 19331 10493 3960
6921 8489 11278 18260 14045 6223 1043 17753 10095 19494 8207 12105 17112 13051 14652 10455 7843 5963 13779 489 8719 15624 9327 16948 10075 18859
19143 11219 16483 9209 17763 11873 16572 13302 6013 9835 19232 17381 5273 3203 4519 886 2283 11261 10330 19400 16979 17382 969 3438 9631 16142
17885 10838 15662 13912 7722 1997 4202 13482 13202 17758 13568 8527 19756 10782 17341 3658 13951 6061 637 9393 13259 318 18015 15776 2520 8975
5515 16382 9099 5639 1637 12485 12883 2031 1524 11183 10461 1731 9703 11571 7185 3813 13026 19242 16406 4611 19503 13353 6471 13853 15948 8691
1376 15020 15025 19239 5726 1118 13050 2321 14442 4782 2394 8403 7360 12987 19189 7828 14306 10605 987 17676 6864 4265 6546 10956 17406 9666
11374 12253 7915 18348 17935 16967 5147 8415 1604 18632 10704 3214 9005 18752 4590 3276 987 1517 11366 7419 4516 910 779 13377 16089 10791
11311 5082 16175 4972 15178 8235 11430 17661 11543 16316 9149 4002 15153 8735 558 7179 15202 16870 14413 8684 2021 10016 18177 8609 7709 15821
12339 9041 10182 18141 16407 1507 19139 16739 5134 19796 1955 2939 3483 10398 17768 1370 12527 19267 11371 8631 16379 8411 6731 17217 18606 12791
17688 2034 16331 11789 17717 16543 17257 3954 5357 13799 10773 4547 2551 18319 2317 3079 19669 18000 18309 14757 11320 16323 4589 17547 6643 370
9410 8459 7557 5149 4487 4478 16653 2095 18053 573 16284 14196 8093 5355 8236 13881 13561 2363 17009 4935 11585 16648 11148 8646 17443 5083
11834 14038 1611 9572 16460 17455 2999 17127 910 18092 4809 14062 6501 9871 12443 4610 3544 14669 7331 16293 3973 13770 3449 9118 18937 4453
3911 4558 16483 17298 8292 12777 11006 16804 6407 12524 1135 2990 1310 3067 15230 12673 14333 9073 13741 8724 19006 9734 5831 5302 9532 10190
7067 17249 16788 8128 11241 3384 3711 18866 8315 15147 10670 12932 9993 13921 1765 11091 9599 8636 4801 5945 1296 1690 19287 1166 637 8727
11269 15997 6097 8435 11566 12122 3271 3499 1118 18507 14697 10535 9715 14199 18961 19855 19181 6997 19974 522 4377 4537 16401 14200 9029 7
16560 19433 16682 6812 3528 10968 14237 7958 17529 13558 15097 15420 1537 2102 3528 3703 10959 18336 8603 8973 15086 2441 17567 9854 2200 8601
4876 11657 16462 837 12175 2139 1438 648 15196 17214 16621 9893 411 1440 4090 15961 12187 6860 6022 10240 4869 1389 1929 15737 3099 17685
7460 4094 9102 9479 5517 9296 597 617 14969 2314 4219 7005 2320 15995 809 16025 15174 13361 10909 6582 18708 5580 6446 10708 19116 2796
4986 9875 11664 15528 13660 17142 9796 9520 13054 2605 4984 9744 18641 18635 9289 19052 13451 6242 8144 13690 19116 6919 8934 17234 11173 12150
7784 4875 11051 9015 6446 16489 6654 9340 18720 2224 18701 16077 628 2388 8100 14029 558 19904 10407 11419 4516 13770 17500 18864 3414 9584
2786 12024 1774 4944 18726 10197 10565 4148 7053 8071 12221 15004 10387 12245 13187 7359 1629 12847 19045 17068 19987 3462 4012 14371 4876 595
17139 14423 16850 5327 9013 14619 9087 16536 9702 303 6276 12030 12258 3416 17479 18275 12842 12424 1690 8032 14548 16634 32 386 6653 19234
12635 7653 13747 3588 2684 1953 3340 10169 18407 1777 6266 17302 15139 17702 19459 13615 5632 4414 3422 12069 7693 10765 5065 3922 17968 8907
4953 7595 12465 18492 709 7862 3373 7170 135 15404 18580 5585 18245 14897 19438 10102 9710 18562 19047 7677 8813 10383 18652 182 2767 13766
8806 14164 9306 19593 2444 8527 16334 5393 17558 14806 4290 17035 9609 10857 10778 9526 10599 4696 6439 9697 6692 14400 17646 1886 21 15927
12532 11841 19508 13155 15613 10338 5977 14984 8028 13264 16611 6486 344 5061 11516 15247 2579 13525 17805 4462 12609 17402 2898 5436 6402 13799
5956 1646 10493 1506 14495 14313 10091 5443 15838 8040 2997 4681 17260 12242 7436 17412 19244 12360 4270 10274 3366 15924 6796 10124 17809 11397
5696 19366 1438 19895 1487 3558 4037 5841 12047 7209 11857 5734 18206 11171 2490 17372 17967 4502 10949 16443 4118 18262 10086 1576 15187 17384
19607 19226 10544 12019 761 8572 13341 1483 8952 18967 9906 18078 4175 19307 15454 4447 518 3200 19439 3719 8662 7996 13606 8906 18356 3311
6872 688 4289 912 14228 7041 10121 1321 17071 6679 13586 5026 2556 3050 4420 1232 12552 13220 14055 14020 8168 13543 18161 14501 18495 4339
4766 6904 8471 9445 3103 963 1370 1580 18813 5011 12948 8647 2099 8767 9756 8430 6837 303 17014 3122 7226 2636 1973 14615 12621 1889
1377 10864 19461 2474 5479 19474 10854 3902 12906 19787 5707 6504 10433 6965 582 3422 13335 6502 10892 1316 387 5621 19430 4139 16205 16024
12390 1777 7920 16610 12108 11854 8364 3903 14528 9391 16499 2937 14044 7986 13959 5976 9965 11329 18363 15550 13389 19784 8092 3921 13361 11802
10732 16880 9410 13375 2262 12919 9349 1330 10807 5458 9101 17841 8765 7315 2319 3096 18444 14789 7790 1186 14392 430 14630 17830 1565 3633
14969 18889 13106 16638 18888 7915 1553 5949 4991 16126 3298 9849 17102 8596 5930 12361 11609 17410 9053 15613 19387 14519 17195 12295 4379 14317
16409 14372 2374 245 15351 17582 1090 10369 5078 3825 5536 10025 13748 15257 10334 8146 3128 16676 17482 13701 19397 18540 12777 8378 10416 14809
18550 1999 7869 11386 15840 1731 10594 5126 1550 4863 4139 17016 5883 7285 1934 12887 18509 14589 15448 18728 18317 14701 506 3490 1516 4933
11701 5924 18216 4878 2094 16203 11963 14083 5507 3577 13833 18941 7093 3355 7047 1104 10185 13752 5734 10229 11764 5828 1521 12596 8398 6938
6263 11901 18863 12536 12250 4185 8625 17887 18217 2075 5466 7455 19257 10675 14964 19692 897 18416 19072 11696 7786 19302 16695 14572 11368 19733
6307 19480 19207 8518 15574 5821 13551 6164 4370 15101 4017 19882 10364 5918 11775 2547 18387 13443 616 6025 10032 1625 17641 14868 13585 6740
2229 6550 1361 17520 13902 18299 4968 354 14483 16308 18684 15772 3078 2242 12951 19143 10665 17422 19832 14788 9789 11548 16304 826 15748 1234
2673 19296 11823 3730 2593 12388 17813 13169 17673 14219 10759 11772 13126 16794 18128 18994 18399 16903 19446 13400 15224 12426 5263 14530 2774 3216
3849 1360 9399 16449 6399 19241 11200 5839 15656 9529 19159 9184 5287 12223 8098 2589 16100 3019 9886 5108 19552 19971 16927 8046 12567 9406
2901 19174 9256 17629 16951 18264 11177 8073 16177 19945 17712 12436 1905 7434 1126 3674 5032 4293 18781 3704 19987 15120 12429 17441 11209 3328
9215 18088 8448 11685 9167 10396 11052 8808 14921 12881 9499 17217 13548 4380 17817 14013 18304 9775 19127 18049 15442 16912 12442 4592 15497 6420
14008 6719 17439 6876 17237 10265 285 807 11875 18808 15490 8656 19818 9228 17533 12115 15062 16105 8063 3551 5529 7528 15432 4754 4492 1005
13230 18584 9026 14150 9059 3002 18210 9176 7438 3163 968 6356 7138 3086 4317 13862 13584 7001 12164 18740 19421 17906 19088 11412 13398 14706
19067 1617 14044 55 5590 11477 9504 1074 863 10259 17696 3139 5421 16987 572 1690 14578 19154 8438 11211 2443 14480 2528 8842 4232 5328
5114 13580 3605 2355 16501 4923 8988 2949 1563 16272 15367 14817 4425 11009 19267 2214 165 9792 4325 19155 13205 12252 9971 14066 8154 18034
2422 8154 2422 703 19050 5379 17558 17852 7654 7648 17267 8286 3047 4945 6606 17173 15958 9603 6318 19288 16705 3150 2005 10691 19845 17943
12515 18545 1433 19296 4662 11817 2138 9152 5376 9878 14586 11961 15451 11242 8367 12124 16208 11469 17605 19222 901 9776 3384 17990 6700 15298
18954 6174 15499 4249 2864 11703 8209 1806 9864 6212 11714 6393 1311 18113 16183 18489 4461 12943 15203 9493 7642 16185 12840 19129 15960 885
13164 13711 3562 17443 8347 18956 1768 5160 3164 13754 10654 10891 17044 19911 14200 373 19833 15449 6163 18051 19127 13976 18680 1383 17264 13365
4975 18216 11155 9133 8022 9935 14310 672 13273 8103 15817 337 5822 15007 17206 6227 1476 6743 11712 15080 14788 18378 10169 7320 14135 1588
8190 4967 12434 11235 8092 19952 10645 19082 10539 12524 13005 5908 4319 10368 2800 15054 17730 14003 17925 2472 8495 8532 2462 14691 7431 749
10259 9361 15535 16758 18048 13331 2783 18831 12469 684 1629 17519 4706 12085 13291 2735 10971 14696 13648 3877 7440 17611 1731 15821 5104 11640
13038 13746 8401 17413 7538 3464 18357 10514 11962 6585 12294 18505 12990 10074 15654 15849 268 5645 1668 6957 18969 9785 12590 18800 2822 7194
16029 3792 2096 7123 62 13677 19099 19327 1409 14709 16676 16231 9837 9360 3668 1090 3500 1739 4519 17434 17272 11216 17600 6391 19562 16135
7215 5063 19348 14189 15450 10868 16473 18392 5907 4149 4185 892 18650 6165 15646 17176 17124 11387 251 7054 5472 18738 10419 1673 13852 8101
10180 15312 12270 11757 15235 11656 2075 17105 13800 17190 12640 13226 17525 4782 15034 13186 11815 4011 15640 4515 16328 2874 2380 9634 12941 4458
10096 4207 19402 7431 1092 5422 4748 4496 17704 13004 6050 13970 15506 5547 19073 17669 1255 2925 11170 9454 9186 5626 16132 2436 14831 16986
124 7008 2941 17815 19883 14017 16974 6345 2966 445 19089 5705 17533 2639 16565 9809 2530 17968 1421 1199 13259 13533 16576 13354 9562 13175
5292 12858 9666 19018 13165 13234 15666 12293 149 9111 8239 14025 5737 14468 10018 12592 19509 10870 7949 8054 4161 8441 18370 17254 19102 6545
5563 3774 7721 5838 13147 112 1692 4412 18833 15792 2898 10287 2338 7253 19329 11402 13624 991 10377 7775 19241 18159 11898 18300 177 14972
2708 14160 8828 15001 5701 18650 18659 8944 16289 695 13144 10374 11965 8627 3821 5247 11628 8654 10223 2570 16082 11646 14248 7119 9506 5614
12176 13601 10640 5660 363 2358 2045 217 19561 2079 17448 13768 8989 501 6592 5090 7926 17435 5632 14516 4911 18433 8388 8541 105 17599
19637 758 6359 18503 16773 6125 10376 11740 5099 15677 225 455 17372 10265 11964 6532 3804 9538 4510 16150 17283 18898 10000 16152 5227 14756
4010 18295 13381 8205 18208 90 8380 16100 17408 10169 8628 15998 993 14179 1013 19832 2692 6259 16589 13713 6555 11390 10092 3567 4151 15464
1873 14417 4960 6561 6132 9297 9860 1004 11427 10917 1714 6371 6286 4240 12025 10322 18055 12070 13245 3382 19405 16470 10347 9970 18084 3077
3345 2976 19141 9816 157 83 10455 2435 2615 3851 15291 2746 1402 13592 12219 12241 15363 5143 13717 282 15437 3527 2393 3785 11876 14907
18456 9486 5018 19770 5063 4532 6674 13947 8378 450 17364 19851 18382 19153 17149 12563 13863 6434 7983 14934 11292 4611 17925 14851 5178 15377
5226 3554 4018 10643 17362 9803 5669 19150 1034 17441 6104 7880 15033 5497 10811 10113 19674 12653 10681 19533 16555 10718 12080 10111 12693 10655
4594 11561 15387 19918 14695 19849 3056 12110 17977 9126 6061 1885 14260 4016 1372 16172 15157 12407 17702 9601 14922 15618 13481 8210 15313 18032
7527 694 10264 2285 4474 799 2948 3394 10124 4645 4967 3739 1368 5018 2391 6276 686 12649 5645 17229 5269 19107 10489 2711 6479 8706
1941 9523 3450 19624 11438 18005 8615 13248 1619 15778 16508 5373 1983 3061 10488 7983 10838 16351 17203 1858 4431 6373 8964 6094 16812 1455
19951 6304 17393 19892 8512 14432 15061 4584 2997 6434 2379 10759 11003 3848 9226 3915 16314 16337 6156 7733 3521 15664 8426 10290 4828 11287
1086 5404 13138 18263 17659 14883 1 1702 9030 19742 15137 3405 11284 16598 18631 637 15246 8017 11946 15049 6126 17221 6419 2108 11007 989
5814 19986 5209 10010 2663 18733 14138 10120 2624 13207 2279 7483 18977 10472 5560 12043 19563 13063 1928 6702 1049 17094 1211 13269 6090 13760
3389 14594 12852 16420 19851 15073 19389 2214 14955 15171 18060 8098 12261 13383 4694 8776 29 5754 11053 3922 6268 883 6028 6143 14254 9564
11392 132 4165 19303 5135 15287 14658 3511 582 6094 5696 15181 16193 6183 13778 5605 19402 6604 3393 18896 18365 7385 6090 16781 12368 14944
8822 3667 5901 12362 2825 4606 4688 4570 4557 17723 9918 9577 6335 7795 16581 13446 9369 1699 10274 4782 3265 3269 3924 6928 11339 5346
14798 18627 13167 4606 1193 18452 13346 15427 549 832 1028 4416 3140 13485 18952 19039 2885 16505 10818 1893 3168 34 15271 13427 643 126
17657 7253 4619 1951 18357 1666 11455 1627 5961 9183 17491 12149 14383 11941 19703 8727 3834 14820 19275 2564 17846 12011 11584 3617 18083 16790
16592 4301 4559 4986 11443 6129 11563 11559 6469 14118 4659 13374 1489 19908 1249 4712 12288 5930 535 3098 18607 2277 5114 4274 19511 19672
7446 12246 769 7479 342 18484 2293 4434 17499 15487 4738 7172 8774 1858 8732 18559 9181 18 13550 7565 7624 6099 17557 17174 9203 9956
9729 13426 10620 19176 746 10330 4637 19160 2628 12455 16027 1649 14149 6602 12277 13623 18028 8522 8193 17514 11924 6737 3360 18013 548 15548
13633 15352 14364 2411 6457 15716 10678 4993 5892 10799 12122 9956 12520 15891 11815 4832 591 8213 9888 16636 12822 1025 2226 4739 9116 5542
10879 6103 11610 2535 16734 1379 8786 7805 17155 14420 15667 19129 11110 13179 9048 14732 6482 402 12481 9710 15941 9298 7685 8392 18978 19521
15275 7488 2716 17869 2741 18033 13001 9926 203 7348 3531 2229 4477 8449 8557 10842 11532 19106 6884 2888 1167 6093 19399 6024 8008 19418
17760 12050 10158 15776 8532 6734 11075 5551 19997 8184 17197 7429 4476 7873 9532 13889 2960 1020 17121 3799 5263 15844 2364 4164 14923 17099
3541 11967 10573 15057 19884 966 3339 3084 14687 17522 7394 18065 19381 15912 5556 3549 17232 4188 16957 18314 15190 3590 5740 8402 7944 14271
17258 18584 5274 11089 19728 9051 8423 4313 2949 2415 7689 10319 10455 3794 18414 3666 910 3143 8111 15024 6300 1042 1433 7497 4411 3391
8574 454 3112 7667 11396 12189 16608 3498 6387 18835 9845 2710 8850 6825 2769 3991 3865 16264 7297 13973 1962 2827 809 14453 4580 16887
19461 14918 14786 5736 2572 9279 4368 18747 2214 11277 341 7482 18500 1105 16054 8825 3245 11232 14159 1482 4484 12431 1906 13886 14685 13382
19182 1550 11920 6842 16347 10839 16496 13640 4233 13599 3224 18173 7343 2209 12182 2638 1512 11204 1151 6027 16058 10176 18786 19980 14306 7534
18393 18505 12401 9312 2556 15482 12654 9641 6480 14586 2425 16580 16914 8261 19952 10323 8898 10406 7728 7324 5262 19568 1468 3480 515 14370
9879 2053 16431 14198 15536 3828 19773 6887 13250 13717 3383 16236 2225 13070 7489 19004 9993 15049 543 18304 5304 2984 5426 132 14899 1230
14585 13042 8477 5636 157 9063 19403 3773 15094 13520 16281 8850 18850 19038 1235 2480 16678 335 18764 19497 15041 8079 9570 5895 11018 7805
3585 7754 18162 7966 10721 19737 7640 243 14264 1133 17932 9102 17700 14946 4409 2915 7639 2736 11104 861 6738 9218 18397 8630 10161 19950
5221 11509 7590 1657 10985 9569 1521 10777 5045 10522 13156 18707 337 15502 6154 15840 18037 7083 8803 17053 3052 7670 16990 1619 10725 13702
9691 10082 16468 17775 6472 4816 11129 6588 15259 143 7018 4378 18676 813 15473 7959 19855 11857 18358 15641 2364 6609 2558 15358 10197 19679
8636 15681 7669 7059 3981 11653 518 18030 9762 14075 3496 8256 2068 1064 15508 2421 11141 11791 3919 1479 13808 6490 266 6707 12411 7897
12186 16363 9512 15891 16768 10256 1394 1298 7401 19876 957 15356 15586 933 7007 4003 410 6125 19303 13801 17612 4635 12305 12602 5672 7871
4683 5673 2186 13276 16453 7410 579 7378 441 19252 15467 133 14675 19222 15498 2795 722 12868 13319 8977 9388 18387 18611 9153 1233 19920
18083 2128 3386 13424 281 9380 8833 16131 1403 18432 7619 18524 16589 18882 8194 17729 17876 19539 9861 8866 19192 8352 17657 10953 13586 8059
8452 7260 10364 14875 10645 7301 2912 771 1238 1541 18934 8473 2959 348 14360 18855 8347 5132 9429 9855 15632 12951 12609 18959 13385 12102
9348 2594 10598 18307 10606 1455 18733 2829 18771 10113 15525 3846 5572 17196 13678 18632 3144 14183 10483 13706 17733 7277 12037 12252 8714 11138
3209 9763 9463 11492 3764 15228 17160 8039 8676 7951 8923 19985 5627 7879 4129 15543 2658 3510 6449 19501 2795 17354 16525 7899 1235 1907
18069 9089 6562 17044 3214 3882 15268 18110 13672 17858 14213 12780 5478 16935 4542 5462 12492 13591 4484 3402 16053 3285 831 10303 19405 8620
13232 7996 13596 10952 4442 3468 7488 16522 13407 8804 11086 10178 5671 5495 7494 16246 3989 19208 17531 18762 14920 16471 17534 6125 4987 9860
15151 5748 2993 3438 5201 5084 7194 4590 13259 7565 13965 5255 3802 15854 10319 15167 18251 6969 11257 15792 9643 17418 9522 9290 2216 4143
6285 10114 10651 9077 14943 19921 4936 19471 4862 2741 1574 19432 19419 19385 1363 15178 7017 16642 2384 6846 13422 14097 16340 3437 1876 18170
2755 8850 5078 2117 13338 19937 11885 3333 14855 18814 2388 4302 3443 16641 11058 11913 10446 4181 7334 12498 11873 16536 15960 4661 17022 2937
6157 14574 708 9674 717 3347 4866 9998 17421 5281 19610 15971 12571 18878 8641 9603 13307 14296 14180 9570 12181 3669 3345 13972 6902 9327
14331 505 7982 16167 13084 2803 10172 6285 9205 5719 15462 1132 15444 2355 6414 2326 15767 16977 2405 3237 1569 7634 11065 11622 18655 4496
13465 1118 7769 6530 8526 4332 5516 15946 12361 14336 8122 2570 4395 10250 11384 4921 17183 2416 19262 2944 2300 18727 10326 9036 16119 883
16717 19228 13422 12243 14657 633 12683 3029 18998 15523 13436 6512 13005 14169 13657 8010 19838 3549 14227 19060 7617 4898 13502 4215 15909 17076
2734 9854 3952 1443 19347 4311 8433 18179 10010 12588 15456 17297 2309 16705 4996 11438 16641 14089 6824 17503 3968 8904 3837 2531 14528 18700
15757 16909 19782 12075 8937 1258 7106 12305 6524 6418 14931 3209 16304 4007 14643 4456 10791 1095 2371 3785 6550 2873 15633 7412 13538 16979
18764 10595 17256 10436 1180 16195 18400 7166 1893 10862 16049 15162 18392 19250 16270 7620 5087 18795 138 13534 7413 8155 517 12599 8785 17951
18173 8834 17306 15240 13697 10747 15752 6474 9140 5597 18439 15345 184 15045 14842 18197 14916 4736 19646 155 6124 15629 5960 224 15261 6402
10032 13297 3943 17449 4205 14769 8915 4493 4544 8999 9083 6267 11369 6014 16532 12122 1608 5395 8441 15197 17693 7745 17549 10791 15947 19344
3523 13047 9546 16758 9102 18795 8213 6197 12570 10868 19681 3696 2357 12377 13551 3289 17924 8477 430 12378 999 125 11905 2178 5274 3296
971 10342 9822 291 2944 7944 12769 11324 6774 12444 151 6276 17649 7923 14917 14524 12160 18695 6434 8623 18237 18125 17752 2864 5583 12223
12781 9716 13687 16225 672 14732 2685 1369 5940 9203 6868 6793 10600 13855 18973 2535 17888 2927 19178 18226 12975 19134 14497 8292 6127 17077
15741 10890 12689 14689 13245 4356 7415 8010 16720 18580 16922 2863 2307 481 14362 456 10533 11647 14272 17063 13070 14546 6276 14583 10474 2252
8731 18135 11478 9099 14590 18746 16218 12119 12412 3141 15284 19575 13865 7537 3504 19757 1097 7209 19065 2057 11185 999 4159 15148 19388 13004
6239 9994 2666 12697 18628 19256 2596 4265 19902 13179 14810 1826 4539 18892 19778 18031 18540 9088 16117 7423 13613 17633 11981 14508 13952 5002
1197 18986 2742 19186 1333 870 12591 6134 1481 8341 5149 5681 4146 5764 4313 17991 10429 10837 5427 11411 5534 2181 4569 12386 6543 1214
4745 13207 15329 13688 13096 136 10595 13235 11371 11305 11818 8494 13813 16067 11409 8748 18800 5072 8044 15241 1207 6216 7725 19218 12767 12795
4723 18853 16564 3731 12678 15092 6544 9140 12592 8028 8358 12300 4801 16979 19563 17398 15977 17359 1179 5857 10535 7890 13066 15975 17276 10852
5201 7300 18203 10792 741 9445 8543 3298 952 7111 3198 10393 16488 15939 9796 377 15145 5091 17146 2542 14221 15575 17990 15604 446 10700
11795 8054 15030 3193 8026 13155 11494 15239 1854 4394 13059 9768 19159 19589 18409 2080 4788 3499 10269 1486 15352 12328 11509 65 3392 8433
9838 803 353 7287 18593 8940 7275 1633 3890 1852 7933 2740 557 6029 16424 13622 17432 10260 5240 8197 2750 9444 3669 17723 10407 8675
16367 9036 7102 7309 18384 1883 12470 12536 5394 3766 13171 4694 19276 17812 9730 9947 4562 8980 1280 4334 11469 4213 11458 8337 3755 3051
12982 8090 15165 11517 18544 12875 7434 19136 3623 8306 1832 13756 18130 12035 11618 19015 12853 1551 15072 14181 3433 13657 12339 17174 3966 4691
13482 8319 15310 13173 9053 17459 559 7246 15420 14116 1031 7943 6107 192 789 16991 7035 10923 18040 9118 2168 17621 9153 10506 9537 12985
11704 1332 10565 16773 4293 16561 679 923 19524 19701 3796 3408 11442 10368 10244 6713 16770 11338 8813 1766 3921 4301 18435 17934 14391 531
14024 7120 8176 14586 6786 1328 5611 19665 16017 796 16657 15674 11874 4970 14850 8891 2231 19721 3193 4724 2557 16095 14825 4707 14880 2341
11850 1690 2001 5561 4004 3371 1570 5873 12981 3804 11892 9312 10363 15906 9715 15598 15394 9725 4621 19789 6702 2251 4216 15409 16616 15182
15299 6928 2543 11518 19453 9736 8769 15162 4992 19136 7937 18364 2896 6312 15137 18183 1178 10340 354 15763 11040 8718 18725 9856 16670 7668
2520 8885 19786 7202 3314 13726 12978 10516 10521 8904 15981 9461 8964 4049 18518 13098 3904 14083 14177 1805 17289 14626 19574 19327 11835 18715
12614 2000 5625 9072 19488 1308 3942 8717 6577 907 6056 9200 17563 2332 3381 2037 323 4660 17196 6018 885 16709 17685 11805 3844 12422
7887 626 13364 16117 6439 12376 16057 935 9991 7137 887 1730 17395 16874 16298 13722 7139 10338 3448 13166 16135 7641 11255 1908 3329 13962
8801 10448 10266 7226 13421 3816 11631 6179 13443 10609 13290 13119 16797 14055 17944 2044 14845 19201 13098 18597 13688 19461 4969 3575 13479 7788
6666 12066 2332 6752 2177 11721 19481 1262 4423 7662 13264 163 18123 6341 18873 1648 143 12864 8962 11911 16058 15695 13711 1090 5006 19725
14906 16819 12603 3672 385 1388 11606 1271 15272 16231 19171 1690 9378 16344 13622 9657 16015 8302 9797 7116 333 388 15045 15638 19305 9599
6691 10753 15690 17710 7647 12115 2723 14105 6289 7424 4266 2169 16567 3118 11931 937 19840 11892 12522 5632 5959 10869 4854 2907 17030 5692
15010 8519 8946 11813 10985 2443 8553 594 3122 18982 6618 4132 16388 4133 10784 11685 16289 1958 7535 8149 816 12250 10870 15733 11766 9296
19945 8316 11736 19201 4235 6920 11416 4974 13676 12209 8537 8099 9007 12228 17840 3471 9659 11748 18002 18705 5180 11945 17675 17388 8866 2705
14400 485 8736 9572 5600 13505 7151 12856 18388 4932 10147 15467 13597 16058 16902 14321 12825 4939 7781 11102 7732 1578 19751 12284 3225 4080
12898 17186 7802 2948 11633 17240 1462 9342 18731 15880 889 18766 8983 5559 35 10944 8955 10714 12806 4953 9777 3857 4101 18931 11038 7272
12771 2308 15066 17863 4453 19515 17232 1586 8575 16570 5827 15187 14508 2098 17910 2045 8180 13437 9071 19666 15642 16150 14926 14261 15301 13707
766 11556 390 13463 5587 7419 943 6299 3288 14866 15982 10012 6077 10052 13297 6383 18325 18089 19003 16197 5613 5743 7163 13337 3504 2121
9525 6998 14809 5524 17470 18319 6065 9601 19506 2924 5362 13937 7138 11614 13164 17725 4101 9263 19748 18857 12560 3446 15626 4023 19047 9346
8154 9631 14478 19931 19441 12165 15900 16992 9295 12802 10989 2441 12496 19076 4419 15675 13444 8691 3280 1148 4904 18897 10498 11900 1842 16733
9135 6437 6349 18881 10828 5208 5918 15563 6530 4854 15834 13520 7766 9195 13426 3816 10956 2199 488 2968 5129 12026 9428 4705 11132 19418
11584 14034 3000 2819 16825 19484 18177 11606 186 7588 15783 5871 19537 17556 17530 6247 8107 5625 10352 2057 15121 5601 11939 13410 17171 12494
576 19005 13008 3737 15413 4116 18182 1062 13330 11052 8507 4721 10571 8606 4924 16544 19707 6295 4660 1754 4071 11076 2994 15491 19907 14704
16613 19864 1234 7737 3843 1670 17977 12966 14309 3113 5122 18320 9044 2343 1989 11807 17820 13862 2119 10473 14360 3169 19038 19993 18394 12212
13877 4205 3678 9395 976 6996 19011 1525 2786 10355 8497 9249 7180 15405 14625 18953 5059 6175 17173 7736 9831 8919 7811 6375 9194 3817
15487 16914 6496 19397 2571 17114 5422 4842 16902 6769 1525 3783 17576 8212 8377 7428 2555 13851 831 14928 8816 13530 3615 2664 13829 1596
8473 8697 13067 18566 19633 5247 13536 6462 9417 661 14702 8067 16648 3216 1436 5557 9398 6170 8928 16044 18901 16186 12449 18485 18497 14298
17739 2234 10592 10229 16245 19747 2998 18400 10157 19239 12820 9011 181 3794 14717 6401 14534 2823 7443 7406 1557 11955 972 5815 17295 9848
8775 19681 15188 991 15949 18938 3806 15329 17145 3896 7102 13655 9027 2172 11046 9399 1548 2254 7818 11836 17421 8892 17178 8659 9484 8659
1572 12664 8008 1806 10548 9776 11351 5423 16950 4023 10383 7588 18146 5025 13701 714 6306 14780 19300 9419 7692 11361 8275 712 13684 3115
9025 12581 8151 15809 1911 8556 19968 3088 2475 4986 14540 2276 7636 2781 1064 8917 6636 9718 717 18327 15382 17562 12304 12958 13827 1193
12551 12392 16612 7950 11260 7045 10005 12575 13587 14677 2437 3998 18082 10281 1930 6709 3436 16653 91 13774 10364 12889 7346 11804 5142 10410
7039 20000 710 7938 2503 5498 960 4867 7168 922 1821 4235 8441 2134 19779 5508 50 14726 16866 5836 8527 15603 14226 1043 19359 9196
10678 67 15663 11203 4759 1994 12001 10257 11652 11237 1218 2594 4732 3532 16848 2927 2970 17532 14989 8202 14724 13418 246 5808 320 2842
18330 5634 19817 18856 17803 18349 9837 1613 3980 12194 14044 9540 13363 13019 199 4965 14065 2697 18384 15376 6611 18645 15531 13909 16224 7434
3516 8305 14817 1461 10575 3020 7608 19272 16203 13007 1658 13280 17661 16888 13119 19548 11730 6248 7907 2099 14855 7143 2072 5978 7873 5847
10120 413 16285 8595 13570 15118 4936 13873 16603 1833 15435 1496 13992 9700 3589 2343 1304 18814 5843 13072 6591 3509 1160 253 10657 6428
1492 17768 2223 13551 11668 9507 13163 11483 2455 5123 15418 11629 18666 4945 3163 5877 10587 15499 7001 3492 18311 12972 5279 14088 13056 14897
8611 3617 19469 9468 13256 4598 18717 15354 14491 15667 18489 17858 2047 10536 11848 6676 2480 2880 14203 4857 18433 12591 2253 7315 11113 16304
10076 265 10871 15154 11433 12875 7112 4148 2732 11852 5420 7788 7524 16643 15020 18235 12255 13122 986 14452 13709 9126 17155 8780 17186 7554
19329 14640 7613 9461 13749 128 14006 16051 9596 17958 12288 10046 1732 4017 14074 13302 5901 18942 17971 9700 18208 12399 11861 7837 7887 11647
15549 16557 667 16621 5071 14429 9163 6817 12850 12110 6993 17960 11690 19419 2631 12577 10612 18950 4968 4534 17403 17291 12908 14501 9563 12752
15688 19097 3528 16558 8918 6963 10757 9147 14933 18700 15645 7010 12999 2997 9458 17445 10477 12060 3292 17342 24 9712 14538 17791 18738 19167
14457 10331 12592 1964 368 19044 19419 9780 3737 17797 4941 177 8973 15981 17468 13438 11109 12722 17841 5859 14334 8912 11391 8774 280 14584
18375 17545 1757 4174 985 428 17479 3773 4671 19935 7005 18462 5664 8547 6477 1317 11472 19138 18231 13215 5717 2031 6683 3469 181 17774
12859 8174 5877 8449 4857 3757 8055 15926 12874 8160 4445 670 4903 3424 19010 5734 19186 10338 11014 18393 3232 18940 13035 16682 11938 6443
17525 2890 4248 13889 16434 958 18764 6883 1040 19576 14442 19085 1912 18482 3669 14124 3005 8101 17677 10435 11436 18980 1309 1601 7634 19748
17270 13947 4478 19771 12795 17666 3756 7228 3425 13286 18598 19857 15857 2674 16635 14730 8313 6241 12618 13280 14862 14068 10340 14158 16010 5723
5361 12898 4520 12191 10707 17502 12226 15371 16256 3221 13160 18577 14694 1543 10065 17714 2323 15615 4194 4556 19568 3431 4016 12712 14814 16648
4996 15353 8320 3142 1248 17438 4894 764 15538 8872 11864 6860 16777 16816 15986 19710 13515 2587 2212 18569 17369 8726 19584 9616 5010 9544
10642 1749 16414 1607 11852 14229 8743 16985 17188 8703 1851 3675 4940 4381 12711 667 9351 756 5530 17963 2171 17346 539 3842 3166 18890
2866 1219 13614 12242 9177 11518 19463 7232 949 16680 19982 9049 1720 6135 16360 6333 19958 2576 10417 1243 14840 18451 2152 6704 4 12851
19566 9609 4414 10386 11885 11795 18929 13472 10269 3815 3994 4847 3222 11829 6322 19191 7711 1445 2846 6932 13082 12500 1998 11446 17472 15126
12339 10301 753 14927 3905 6056 2964 14604 14233 11596 9033 6519 7672 15013 2724 25 4231 1656 11616 4870 9389 4349 6593 16663 15430 15326
19125 16615 1135 15688 15509 3001 5826 7451 14100 19747 12789 629 12301 6325 16667 23 13878 387 6753 19318 2880 7549 9384 7984 19058 16880
1042 18160 13634 12439 16677 9903 1413 5561 10793 12315 3852 17716 1504 8573 14418 3524 8038 16524 11963 2461 13092 9335 14548 12747 13682 10686
6390 2824 3419 12293 8584 18882 6433 16678 3670 9614 4285 17795 14329 2170 15982 1829 17645 11317 11684 12652 14610 13479 14736 18153 10958 11110
11082 3688 15057 15516 3510 12874 5419 2080 14755 1027 12262 926 8756 17061 5440 13557 13757 2331 16090 9058 1609 8160 1219 14157 10246 5667
3955 13577 4115 4917 17600 13925 47 14933 15685 11065 6591 8767 11113 17711 3143 16644 13928 13362 1333 4631 9442 660 287 1511 17195 11071
4486 11143 11481 14076 11501 10234 18841 18181 17381 19944 14166 19656 6549 19021 9524 11175 8628 2510 19104 5608 4294 12391 13064 4694 13206 18863
17440 11952 19833 17987 7069 11776 1376 1710 19111 3575 1433 12235 13546 17188 18993 9227 15357 14368 17474 18426 1911 8614 8889 7612 17416 7186
16063 4878 1361 19614 2892 17542 15953 2793 17752 17247 13139 9333 6829 12485 6558 8942 8078 12383 4394 12233 8115 12919 8591 8721 14503 4425
6746 2697 7126 17076 6619 18770 18146 14654 16772 3177 13018 11264 17296 15304 19715 8539 922 17455 9413 1419 17091 18419 18291 10199 13875 5148
17270 14114 19457 19416 9232 8644 1193 5190 241 10575 8105 10124 18120 19856 5942 14106 4973 3730 1423 10716 15441 1131 10036 12296 15704 4156
3406 6693 6700 6899 1990 8423 16108 14299 14317 16549 14544 15400 13340 6919 13926 13879 24 15345 7742 14125 10636 1482 7623 1376 1771 469
13133 9265 13107 2342 11106 7040 18437 13828 8639 5223 6434 1449 18258 3901 8153 15766 10739 1147 15975 15499 16591 4570 2217 14142 19688 17625
2679 17362 12325 4117 8942 4614 5525 17004 14980 17658 16840 1278 19243 19580 4055 2368 727 13417 19895 17574 16735 3736 2367 7260 1616 10696
13562 19965 12982 13280 12388 10002 15680 16401 3860 9971 11928 7855 7598 19006 16714 14860 12461 7627 15234 6030 18885 9374 15199 9891 10428 17717
16605 11694 6807 8484 8669 8579 881 16502 15410 16094 10332 9541 13782 465 6433 7247 17878 12412 14290 11144 4958 8823 7074 7013 7740 15932
15846 16047 4053 13445 10704 3601 14553 1112 3112 7082 19043 381 14753 805 6985 6739 12933 16545 4065 12221 2606 8136 6875 12196 15334 14163
8778 12153 12559 13576 8961 19782 11579 5336 18899 8993 7137 7483 17030 19131 302 8258 9649 8115 18941 17910 13014 13972 6922 14433 18713 6793
6926 19856 13623 18258 19820 9016 12708 7143 12710 1332 3576 13944 12270 19783 19056 11791 10269 5542 19360 4470 3373 18034 10166 258 10367 13381
2860 19142 15025 1713 16724 17993 17976 12825 18211 5174 15044 3442 17758 18714 11161 4733 1653 1516 5161 3258 770 451 615 3447 19625 9525
12987 1387 18377 6640 16383 18567 11272 4325 6471 18572 4818 4294 12121 6983 1102 6747 13029 10063 12209 1137 10764 2929 1053 3399 18967 4558
11005 5883 19857 6961 9360 11255 10292 2934 2373 16269 11007 6680 4101 9564 5068 18714 14807 15459 3429 5662 7301 19821 14586 6270 12779 17570
18748 10301 17204 1770 14621 11803 19783 14991 16706 13548 8513 18434 3148 1760 19536 5827 3808 13928 9141 19928 11745 15342 14073 5153 4633 11216
16059 719 16726 13181 18060 4843 8458 11330 5337 2761 1441 1782 16373 17928 4043 1084 18057 16795 8516 3837 14817 11637 7422 13945 19820 2939
7790 15667 12957 10369 9511 19643 16090 17787 13146 8629 8579 9584 9854 1777 12928 11064 5780 19674 846 14375 18479 7777 1233 1922 19896 17334
4812 15676 8932 4114 8558 11533 6326 16274 7018 15440 16410 8386 18780 211 15200 18083 8590 11280 52 9471 7074 3473 11405 5547 14368 18659
3807 9354 11817 14779 11331 13570 9401 9142 16716 10600 4069 18818 5010 7034 10605 18690 19156 5060 18925 11780 1661 3252 4811 18699 12717 16982
13976 14429 13729 1958 13563 8238 19171 7257 4059 5754 3291 7144 10055 18280 14254 18814 8352 7371 4203 3945 8495 7490 16114 17325 13355 14244
19773 11394 9558 6744 6603 8261 14680 1056 13480 2816 19530 19421 8958 11621 13901 14284 9346 19562 18069 1169 18959 15313 6776 4366 4208 11847
3061 11471 8961 7910 1884 14953 14081 5649 13935 9426 3199 5144 2317 14922 5800 12005 8444 2157 13829 1316 9609 19407 18273 3055 3207 3537
4790 4120 18646 14724 8241 13730 16293 1899 8687 7977 2814 2767 1591 13741 8439 3384 7220 15569 4736 6768 1926 16075 17850 10248 9512 15283
2159 11199 11724 8904 628 18754 4300 5395 14318 7175 7638 8948 14855 2988 16759 6306 13411 11037 8121 8196 9706 13990 3531 1359 17726 1567
19029 9411 4268 411 2992 12153 19286 4078 9261 7128 16555 7249 10548 13397 18391 13309 6155 13802 3180 13417 1452 7177 4815 3228 10422 12201
7013 6952 1043 9553 9750 14324 10158 15619 2660 8141 2489 19660 1639 18232 11495 15603 954 15558 5145 5098 16555 5013 16945 11364 18196 5761
5088 14603 19462 15005 13581 9668 6569 19617 10750 7930 16551 4972 12058 5061 8917 14793 13762 19412 1090 2298 18401 2380 16614 6946 14350 5469
4401 13213 19688 3343 16284 10751 4956 13098 4091 2842 12141 6947 11027 11994 12049 10254 14947 12542 5750 17465 2752 12258 11683 14048 2159 502
7549 10877 9801 12575 19309 17701 18947 18544 712 15432 5097 14576 2100 12798 12480 1747 18451 94 13856 253 6356 18495 3373 8335 19551 13031
17303 5530 14879 4816 7130 3959 8674 3117 18106 13583 9636 12761 6401 18080 1515 12244 15444 14600 6472 18324 6392 13645 2696 88 3850 3620
4009 6814 13466 7641 2535 13494 13897 2192 12923 9367 5184 7618 13935 3168 13890 269 3176 2183 5454 12497 11105 6676 18044 9258 6868 12093
3019 12960 1883 7950 5716 5223 1975 15858 1546 16395 6949 1493 14735 4345 15599 838 4334 8838 8911 10135 10659 6676 12152 8308 3419 9110
7886 17335 5286 12159 19349 7574 10061 887 5384 6618 557 637 15010 13112 3925 4069 9904 18753 1455 14991 1382 11659 12119 16217 14918 4224
11445 3629 6172 6803 2575 18099 11831 4765 5054 14937 211 10323 18426 17665 4064 369 15343 16715 8568 15284 13535 1568 10678 15602 12692 16889
1514 11694 3869 5323 16041 6530 2933 15369 18295 18574 1990 17501 6734 8593 10517 7641 14176 18334 19395 6091 16530 7354 4727 7204 1785 14847
9129 13242 13920 6115 12816 13101 2416 3450 3120 3782 220 19032 2688 18898 12739 8506 10713 17896 17609 17322 15658 3397 19667 3131 2510 8325
5099 14132 17133 2236 7597 12663 9848 4645 622 16118 331 966 13022 8482 19533 2574 4443 16320 18223 3301 7347 10229 14645 17948 19739 19355
15176 15822 13948 16556 4738 19192 19517 857 1108 10189 1452 9145 2408 5255 13883 11065 5895 10448 16215 2929 7640 17204 14504 1036 16921 15917
7387 16459 7507 17079 10746 17655 16289 8183 8781 13443 18981 1242 3244 1860 14505 16873 11563 13436 16594 10263 12848 11415 14212 8431 4484 9727
14972 15471 8154 1320 18353 17150 7042 4459 10747 15023 7482 4804 11582 12955 4102 10210 11560 12806 1856 1735 3102 3757 19105 1799 8017 7392
6763 10371 1052 13252 10416 18547 9259 2556 490 15468 2952 7977 14264 6398 1555 16102 5745 6939 310 8529 13327 2978 3421 8658 13823 17680
5363 4488 8951 1994 426 6656 6548 4085 7436 13329 14221 19615 16729 16499 6242 18736 828 2373 5620 3161 14660 7287 7972 2466 16891 19819
6173 10091 9470 611 19907 9749 570 559 5262 168 1908 724 8373 17893 6341 17162 9891 10098 1060 14027 9741 12943 1794 8459 18411 1827
11286 16985 6472 8979 18385 15086 4429 12951 2789 4122 11458 17699 19390 8591 11798 7064 8649 5717 12645 12715 3781 2915 19264 18609 1729 5253
10120 19770 688 19015 10553 13791 17660 1994 11271 2084 17968 5982 17974 14247 16504 15666 4888 2225 7494 18939 910 15693 17305 17373 4616 18849
11028 13260 2849 7875 10414 5589 4193 4379 15693 9099 17099 10812 7912 8172 18237 13255 19946 10908 17550 8218 9697 13134 9312 1060 10751 4272
1391 1817 6244 6970 16590 6574 15156 11749 7565 6447 2888 18718 14335 13905 16345 4258 7992 19435 8029 10429 16108 10396 7280 6072 13062 3866
8344 12118 16714 13196 14962 205 4867 10457 16471 7744 16478 12941 2835 15546 19538 2945 13425 9674 1599 14289 13394 1359 3599 1321 19778 684
6372 6300 4675 16462 4009 1282 7820 10188 13484 8318 1629 2962 13217 835 11675 16962 15072 18981 11541 4564 18246 13649 6669 4926 19862 15505
8492 10485 17482 3758 13865 4812 18220 7912 2350 3635 10988 2259 11477 15976 4276 13363 3084 6396 16546 4158 14790 6769 2629 17111 13857 8798
9620 11517 16010 11963 3030 7228 11942 6839 5772 10020 4301 6715 1616 761 16869 17783 10801 9411 1970 18841 19760 131 8283 6558 5499 547
17871 8643 8521 2405 13722 10801 17079 6319 18762 18464 14061 3218 11635 18093 382 11280 9120 4988 2295 11281 5746 5234 5243 8665 8388 17240
5848 3937 17558 16427 1911 6189 6327 4706 15416 18595 14551 5035 10737 1855 3934 4619 5407 6802 1008 13506 2082 10309 8949 2434 13310 19320
14489 933 5584 11758 2834 16811 1365 12288 18166 1938 15101 3586 9703 11587 19519 6421 15954 935 9958 5830 15254 1862 11439 8291 2869 17076
6705 6972 10490 10759 151 178 18583 362 1527 16668 2426 3216 14910 18236 2641 17815 15854 3049 17311 13789 3311 4013 642 12568 18147 19995
13447 1702 7005 12764 17269 12521 2453 7461 9582 15223 1912 4272 14349 3523 8322 8870 6142 13117 8214 2172 4875 9390 3307 2221 4841 19966
8898 10679 6204 16221 18522 14386 15550 19040 13592 7490 16115 3950 4143 17843 12768 17975 6120 18003 13955 10576 1701 13009 12069 546 6995 19697
9826 9066 7155 3037 4249 7548 15996 14802 2199 5127 15874 3970 13651 2207 8298 19765 16056 19085 17183 11586 18260 7061 2742 12318 13550 10919
6513 8473 6718 6722 2347 19727 19191 9322 17926 679 5111 17443 3080 19035 4916 17153 2869 16521 19710 14190 15095 4776 9837 3341 12661 168
17364 16605 11039 8867 581 18826 901 4694 16731 949 17875 4564 9511 18476 10521 19017 9855 1806 3254 14599 4015 12655 19461 10688 19150 11107
11193 18048 2390 7671 7308 9972 4318 14354 16089 4428 625 6069 10394 19933 4153 18075 17550 10804 2787 481 3462 6952 6172 811 17890 5125
5627 16301 2865 19090 11445 7010 19226 4829 8129 8352 17846 800 10952 4356 19325 4615 18890 9644 14200 6243 15538 13152 885 17732 15525 5624
6317 5460 16759 9463 18203 8151 8142 11523 14139 4586 4592 19829 9942 6856 9838 10896 16916 6502 828 17914 1620 5641 8650 15077 9665 9774
14299 7658 7328 14547 11781 4292 5565 15183 19407 2341 3534 17073 8755 1072 4553 14297 17374 2202 4573 7878 13336 1812 7951 16751 4486 18260
11618 15402 1923 11079 5630 8462 5386 11538 6674 5717 9664 19063 4358 6351 4643 12816 7125 14819 18816 6050 4368 17309 1230 3566 17164 17458
18466 4870 18062 2601 14435 9809 15168 6584 5966 3344 10969 3228 8313 6609 11948 3944 14936 9547 10967 17332 83 11143 19224 2066 5824 10588
17011 10980 11032 8079 3755 10322 7398 10283 18638 6085 1926 8874 2466 687 9291 5602 6242 11020 15760 18115 4140 1413 12960 19609 18446 7904
14551 9951 10477 18848 1504 1508 8650 14479 14163 11680 16648 18747 6651 16926 13996 15190 15749 228 13482 11921 39 14896 11644 720 491 15555
15985 17599 15868 3825 6531 3405 19930 3371 2574 6299 14765 3869 15912 13109 9398 18417 8078 18556 1864 15544 19952 6107 11277 16933 14530 19953
19195 12956 8171 1866 6518 13609 8511 16160 4239 18724 3348 1330 17256 6757 2349 18707 12352 5292 4395 18828 19657 2264 754 14719 17931 14823
9261 17662 18400 1185 3762 15650 13957 8432 6468 18717 12890 16836 2294 17233 11453 8410 17909 7399 15412 8136 14646 9937 18432 4288 12747 13092
2776 16440 10726 276 11317 1794 10324 16566 6802 18371 954 11400 16776 110 9557 5372 8574 16354 19288 5333 8642 19527 13421 2445 9395 9071
14123 15606 1696 4143 3705 5328 10 10700 15259 18341 13888 10823 15637 5760 16374 12773 532 7716 13323 17957 13736 6951 16357 16927 6763 2367
7235 11591 16402 3946 5252 4822 2524 3743 4653 10113 10081 8132 1704 2952 2435 14834 7400 17836 4020 3112 14125 345 18094 2193 7396 13414
10630 11635 5995 16094 10185 95 19200 18157 3324 11321 5283 1307 9749 8674 11396 15748 14628 8824 8576 102 10052 1644 11141 475 3943 11924
14148 6568 15626 13265 17333 14114 10069 18702 16808 18973 19348 11456 10563 13515 11459 10266 3731 272 15481 1111 12306 18020 3669 15741 8602 6542
2103 5834 9976 10703 6015 12636 5355 14542 12295 15257 3293 1286 4701 12181 15519 10794 12173 10294 10775 9416 18398 16900 10112 11291 8061 10072
7905 5267 3897 1750 11267 17565 2197 14674 11249 9434 7818 7454 9866 11980 6051 5041 14918 10286 16226 11173 6904 13894 208 5765 6402 1794
12634 6475 1039 287 7830 17880 16098 11640 9055 5524 8657 16425 18332 6548 947 3117 19681 5008 18041 10598 11313 4146 10493 5115 3933 176
15878 5277 15248 7513 420 19262 18880 6585 2301 783 15696 11996 3540 18244 2128 11109 2192 19404 6386 1239 5757 7062 15405 11486 18988 4217
4715 3423 18710 8201 18348 3213 16123 3737 9975 7027 5176 7924 1402 9589 1065 14244 2787 11799 8411 5281 13028 12656 343 8570 11205 5765
2114 2418 1623 14318 11651 8753 14394 3454 9541 3806 12164 13469 19501 3942 5548 3006 8836 14983 8979 12116 2154 16543 2820 17494 15619 5489
3016 2278 8004 12921 8230 11732 9160 18879 9952 8487 9339 8158 1925 8722 11169 3601 11024 8882 7736 3476 7482 9030 19718 9484 14183 18337
9047 2521 2328 10377 6244 16275 3558 17074 18060 6532 8273 11463 16639 12160 2638 15003 2336 9216 5578 665 9548 15352 18012 2418 10626 7752
15782 1141 1194 2604 7699 2403 613 725 8788 10333 6628 13984 14999 10602 18006 4860 14453 982 18919 11575 14423 10276 958 4033 12992 7130
13236 9282 15712 9884 3441 19721 19611 13728 13798 13441 13726 17431 39 11124 7794 8383 10944 19271 9235 10856 11227 17143 8005 14087 1944 18164
17468 17718 8129 3754 5359 13168 16430 8538 11314 9203 3209 5729 17761 9356 9634 17656 16048 249 6128 1561 5955 16846 2114 9449 7346 16751
16431 16028 5417 18691 5184 10174 10889 15208 2394 16107 11425 11157 15989 17534 6093 1453 17359 18943 12096 12964 180 390 15473 3086 8700 6858
9500 7818 9818 1907 7819 9697 13051 8786 10309 17361 5207 4261 4369 6124 18186 17094 3219 7681 2367 10962 8918 1462 19374 4594 9618 9710
1590 3218 14609 5417 6501 17053 11915 10940 5898 317 7481 3270 14050 13629 768 19665 18213 4704 1383 12818 13397 4935 6468 12505 1716 11132
14579 11461 5479 2602 6826 17021 47 6417 15280 19185 2042 12847 2910 17943 2689 97 13100 2330 19567 7025 11641 15412 17824 8201 2296 11200
18563 6751 11462 7015 9323 6967 6849 267 16661 4370 7139 2190 11003 9407 11154 4474 6276 2427 7681 15094 18083 7327 2205 10603 16634 8295
14606 7074 12773 3992 8903 18171 15762 6011 10736 2283 10114 16060 7291 17436 2239 10830 3857 3130 18781 5686 12156 1364 6829 4367 10006 14320
13677 2171 3857 13337 18130 15681 4237 15400 6989 1022 6791 3332 6874 2998 13242 17330 7213 633 8882 19386 13573 16896 3960 4469 13503 12553
9399 7330 15511 15899 16977 16477 14775 11457 11904 5763 18622 15380 13502 9771 7969 3159 1240 5889 9698 5736 3113 10123 13472 9016 2036 16937
11006 7000 16649 594 15311 16641 4264 14589 4628 8263 4652 15441 11595 19503 4379 9581 9509 16427 2855 16628 17191 2945 4182 4081 12450 3626
11721 3211 13464 15274 5142 13202 15810 17746 6806 13792 4712 7967 3403 3591 2549 10145 18214 7557 59 15025 18411 19644 4561 6281 16725 842
12440 4879 1518 16153 7107 18170 15080 2370 3585 7811 5971 8221 9430 11637 18858 11503 5267 3184 8132 7278 10036 618 14455 12655 9130 10897
15265 4172 11602 4358 4684 6098 19032 17631 6216 11112 1290 5117 15497 18907 9110 2443 7630 10635 16599 16130 9575 19394 7811 18993 6090 19024
4503 2413 15297 12002 6948 2527 6146 4471 5931 18873 3771 2221 14626 1228 17542 9446 7707 3053 19687 16595 324 10605 11679 2507 7941 18541
3194 14402 6407 11433 8792 10822 16123 11408 6460 18295 1339 3539 555 12635 10064 2525 19012 1718 15476 16208 6398 7210 8560 5816 17267 8948
11785 4882 2978 12484 17164 6495 11922 7239 9549 15089 12029 17824 19088 14977 11336 19741 8634 15470 5595 15052 7230 7324 1021 12643 7701 11229
7063 560 9457 19732 1412 17102 440 8939 17827 4293 17881 18303 18468 5257 9507 16865 1132 11986 7738 15421 19181 11067 18568 19795 2400 19784
13892 13862 7106 14336 4710 7977 13051 1692 12676 3756 7588 16475 15128 1689 4938 11666 3585 3366 6718 9713 5722 5324 19569 447 810 16178
17597 18041 9263 4517 16582 16983 9694 3623 7468 663 13334 6024 14832 3153 10043 1875 4363 14409 2516 2281 10375 770 17628 4711 7619 1485
9082 5559 7117 6628 9280 9409 19698 15823 7384 5314 6434 7755 8090 3130 17874 14718 4203 7486 5411 1422 13141 16451 12825 13386 17918 8426
4139 18062 14892 14931 5962 322 18252 3847 12891 18198 63 15856 12167 11525 8815 9130 1479 9147 2316 19777 17958 4475 5992 5244 5219 12610
6904 12300 14451 5932 7336 7103 3553 59 11400 7001 148 19078 19598 19346 10152 19774 14277 4607 2840 1834 5397 1746 13547 4232 7238 4053
10100 7668 14645 6875 2730 8137 16653 11139 17320 4760 7790 1421 10989 18602 13705 9822 15873 8942 10550 6741 2854 4117 14802 18030 4857 9756
17821 14041 6101 4194 7995 2326 15121 4749 12547 4980 18218 3482 15108 2613 8745 9202 14162 18523 8025 10798 19371 1166 18056 5093 1375 8412
10496 15312 1185 6995 17777 8251 9454 8031 19801 5212 3917 6186 4743 10471 15830 4495 4714 8835 5180 11724 17208 7257 12258 12134 14623 4800
13104 3506 3708 9188 4805 18368 4942 8006 17 17542 10291 736 19268 6027 2987 16959 10034 3182 14451 9076 5099 12685 7832 7732 12490 8503
9764 12954 9205 19044 18530 13356 7269 3563 7244 3906 8780 7546 7364 10012 416 12574 3728 820 12623 34 7270 2031 19190 19604 17490 19658
9383 4411 8070 19292 9227 13319 2675 9124 15648 9341 8396 10985 13072 18737 4761 8906 11268 16568 19888 13556 3473 15351 13015 19164 4863 15692
5285 14296 7222 11142 11824 10160 17920 19006 1715 19280 15703 10219 14487 11925 2530 15749 3683 14444 11015 11911 11761 7337 19487 17757 4855 11429
